88
0 1 17 18 0
1 2 18 19 0
2 3 19 20 0
3 4 20 21 0
4 5 21 22 0
5 6 22 23 0
6 7 23 24 0
7 8 24 25 0
8 9 25 26 0
9 10 26 27 0
10 11 27 28 0
11 12 28 29 0
12 13 29 30 0
13 14 30 31 0
14 15 31 32 0
15 16 32 33 0
17 18 34 35 0
18 19 35 36 0
19 20 36 37 0
20 21 37 38 0
21 22 38 39 0
22 23 39 40 0
23 24 40 41 0
24 25 41 42 0
25 26 42 43 0
26 27 43 44 0
27 28 44 45 0
28 29 45 46 0
29 30 46 47 0
30 31 47 48 0
31 32 48 49 0
32 33 49 50 0
34 35 51 52 0
35 36 52 53 0
36 37 53 54 0
37 38 54 55 0
38 39 55 56 0
39 40 56 57 0
40 41 57 58 0
41 42 58 59 0
42 43 59 60 0
43 44 60 61 0
44 45 61 62 0
45 46 62 63 0
46 47 63 64 0
47 48 64 65 0
48 49 65 66 0
49 50 66 67 0
51 52 68 69 0
52 53 69 70 0
53 54 70 71 0
54 55 71 72 0
55 56 72 73 0
56 57 73 74 0
62 63 75 76 0
63 64 76 77 0
64 65 77 78 0
65 66 78 79 0
66 67 79 80 0
68 69 81 82 0
69 70 82 83 0
70 71 83 84 0
71 72 84 85 0
72 73 85 86 0
73 74 86 87 0
75 76 88 89 0
76 77 89 90 0
77 78 90 91 0
78 79 91 92 0
79 80 92 93 0
81 82 94 95 0
82 83 95 96 0
83 84 96 97 0
84 85 97 98 0
88 89 99 100 0
89 90 100 101 0
90 91 101 102 0
91 92 102 103 0
92 93 103 104 0
94 95 105 106 0
95 96 106 107 0
96 97 107 108 0
97 98 108 109 0
99 100 110 111 0
100 101 111 112 0
101 102 112 113 0
102 103 113 114 0
103 104 114 115 0
