85
0 0
2.5 0
5 0
7.5 0
10 0
12 0
14 0
16 0
18 0
20 0
22 0
24 0
26 0
28 0
30 0
0 3
2.75 2.5
5.5 2
7.75 2.25
10 2.5
12 2.5
14 2.5
16 2.5
18 2.5
20 2.5
22 2.8
24 3.1
26 3.4
28 3.7
30 4
0 6
3 5
6 4
8 4.5
10 5
12 5
14 5
16 5
18 5
20 5
22 5.6
24 6.2
26 6.8
28 7.4
30 8
0 9.5
2.75 8.75
5.5 8
7.75 8.25
10 8.5
20 10
22 10.6
24 11.2
26 11.8
28 12.4
30 13
0 13
2.5 12.5
5 12
7.5 12
10 12
20 15
22 15.6
24 16.2
26 16.8
28 17.4
30 18
0 19
2.5 18.75
5 18.5
21.5 17.5
23.2 17.8
24.9 18.1
26.6 18.4
28.3 18.7
30 19
0 25
2.5 25
5 25
23 20
24.4 20
25.8 20
27.2 20
28.6 20
30 20
